820
256
818
219
470
201
357
187
348
571
836
703
512
267
428
856
874
747
514
468
645
601
745
961
181
989
440
255
889
474
407
500
969
860
376
404
551
909
251
688
170
668
556
443
368
527
773
105
560
959
974
373
827
780
594
420
219
180
268
821
290
285
133
840
982
211
380
549
512
879
236
495
155
617
179
909
527
861
880
581
668
195
861
916
392
861
735
854
696
798
376
934
919
801
970
931
508
727
868
708
967
550
121
977
610
268
497
521
348
242
978
599
925
305
571
930
436
148
426
593
284
899
221
716
718
497
418
781
692
905
761
584
707
709
447
689
846
404
738
858
729
968
582
169
310
832
892
265
420
763
593
510
759
205
447
861
289
885
427
461
193
276
535
735
462
120
772
652
815
972
370
471
586
436
385
522
553
269
354
632
194
581
849
845
637
871
226
697
275
666
180
737
816
733
218
614
624
182
312
706
942
699
332
667
607
764
599
402
333
361
457
936
708
547
385
362
731
993
606
257
114
348
983
744
245
372
651
877
155
143
131
247
402
280
779
626
849
603
179
568
581
657
323
943
136
897
896
730
897
648
218
839
314
172
1000
523
635
908
691
590
166
456
756
445
363
377
851
308
696
179
635
298
386
531
588
857
933
930
622
997
532
690
747
851
884
297
682
382
696
849
755
468
668
609
391
262
769
186
555
559
728
294
983
799
372
413
553
191
150
297
854
983
523
533
329
511
223
370
766
349
708
741
896
594
424
816
195
444
433
364
735
501
505
856
598
440
317
780
232
657
389
289
592
191
302
814
200
365
422
392
291
931
568
284
585
931
297
418
740
212
961
678
613
613
433
542
901
523
319
363
503
128
122
527
997
146
508
292
108
133
669
375
204
799
315
862
336
380
307
449
156
107
471
331
295
357
606
339
147
447
173
200
524
354
679
535
218
818
339
783
379
482
949
904
735
281
518
861
713
347
264
122
266
145
199
517
318
745
101
191
913
664
604
271
637
334
801
539
105
898
276
829
688
153
753
345
278
848
770
717
768
476
792
290
134
989
545
596
559
704
558
557
787
492
254
280
429
380
592
776
877
915
575
935
589
586
267
976
119
732
623
518
439
298
732
601
592
505
526
443
573
938
615
224
575
513
868
756
795
658
432
332
319
410
330
889
540
453
474
360
540
973
950
599
612
941
233
964
101
724
686
649
854
818
617
597
127
312
559
902
354
328
742
178
525
949
233
349
831
649
628
617
483
827
801
639
750
364
507
652
292
971
971
480
202
308
896
226
145
327
471
659
862
648
447
604
831
419
119
470
371
788
906
644
232
216
104
170
739
344
488
812
266
517
307
661
263
488
493
252
417
636
136
266
584
323
425
619
154
405
950
403
177
248
296
682
944
841
881
631
212
515
727
974
687
898
587
573
575
705
155
418
890
724
973
318
185
315
929
666
364
767
599
907
874
127
284
874
256
151
939
143
861
872
771
745
648
561
504
893
184
325
228
251
506
399
178
852
464
456
887
513
996
181
271
759
821
787
567
569
100
523
499
639
853
714
728
330
334
177
402
990
415
357
818
755
685
515
690
597
350
692
248
795
486
732
249
645
170
869
988
170
209
436
988
175
695
157
757
320
155
131
564
959
306
374
779
900
665
633
206
555
660
757
692
883
141
108
783
554
559
243
486
226
425
469
868
324
247
125
886
983
386
178
749
488
404
934
109
429
266
861
779
897
395
580
385
711
584
452
455
537
452
183
230
716
847
852
214
654
203
545
729
296
193
282
198
797
184
974
942
545
510
873
674
133
266
721
140
562
767
880
522
945
423
783
543
922
546
321
606
830
834
948
937
791
532
772
371
235
303
426
819
578
859
365
706
987
328
781
969
394
402
661
907
665
991
799
238
281
944
239
526
921
730
362
364
462
393
956
246
557
467
156
617
974
879
419
226
462
436
169
386
543
545
777
589
963
516
681
507
758
731
586
218
692
318
853
134
387
388
652
925
755
253
576
160
712
790
487
308
152
352
893
164
826
465
398
703
973
287
288
334
113
698
966
950
382
591
543
727
169
494
153
353
694
608
380
170
784
589
505
499
557
651
610
619
313
830
697
599
153
360
413
658
689
121
526
469
908
790
220
999
640
409
356
789
120
680
428
525
903
355
912
420
413
984
228
854
893
233
820
514
107
692
118
165
593
617
921
791
234
358
981
983
439
513
748
732
818
491
576
537
157
934
243
609
954
457
444
275
570
239
117
667
153
101
870
641
457
297
483
498
864
584
388
399
443
115
559
2
filename